12
4

 2.4658e-05
3.61542e-05
5.40283e-05
9.10279e-05
  0.0238775
  0.0714001
   0.299254
   0.568124
    1.36077
    1.39784
    8.17586
    44.2802

 -0.00129218 -1.68893e-07  -0.00398699  4.18634e-07  -0.00859076 -2.59173e-07     0.418073 -1.78687e-08    -0.811789 -4.74078e-10     0.407581   2.7025e-08
   0.0183152 -7.42324e-07    0.0554494  1.56424e-06    -0.630785 -8.60995e-07     0.677927 -9.72398e-09     0.196264  2.45514e-08    -0.317169  1.70108e-08
   -0.132482 -5.02141e-07     0.741582  1.05754e-06    -0.476327  -6.1275e-07    -0.359204 -2.28801e-08   -0.0464003  6.39216e-08     0.272829  1.23029e-08
    0.714653   4.2947e-07    -0.381065 -1.21622e-06    -0.428072   7.8679e-07    -0.250149  1.69591e-07    0.0329341 -1.49183e-07     0.311699  -2.9353e-08
    0.553533 -0.000153668     0.369065  0.000352887     0.160385 -0.000168084   -0.0842714 -4.75587e-05    -0.362583 -3.01009e-05    -0.626978  4.90966e-05
 0.000409161     0.438219  0.000335071    -0.816237   0.00024519     0.376456  0.000145793  0.000694145  2.81626e-05  0.000823872 -8.24516e-05  0.000897773
 -0.00107108    -0.551582   -0.0010771    0.0751489  -0.00108472     0.805756   -0.0010931   -0.0680436  -0.00110312    -0.110559  -0.00111245     -0.15494
    0.406182   -0.0015881     0.406872  0.000621444     0.407651   0.00203024     0.408564 -8.64882e-05     0.409602 -0.000875381     0.410593 -6.11126e-05
-9.82638e-05     0.195862 -8.55675e-05     0.161629 -7.09612e-05     0.123109 -5.38718e-05    -0.848014 -3.43398e-05   -0.0692826 -1.58542e-05     0.443204
  0.00029303   -0.0178696  0.000287179   -0.0155953  0.000280886   -0.0131332  0.000273431    -0.318335  0.000264972     0.827011  0.000256958    -0.462581
-2.40171e-05      0.65413 -2.36526e-05     0.485836 -2.32359e-05     0.293344  -2.2739e-05    0.0656756 -2.21462e-05    -0.200368 -2.15908e-05    -0.453395
 7.34649e-07    -0.192746  6.97867e-07    -0.256332  6.59204e-07    -0.328108   6.0766e-07    -0.413027  5.64734e-07    -0.508804  5.20402e-07    -0.600013

0.399855
 2.21532
0.399913
 3.55548
0.399942
 5.07172
0.399956
 6.82942
0.399962
 8.84741
0.399963
 10.7729

6.63953e-05
   0.400041
   0.100235
-0.00174491

0
0
0
0
0
0
0
0
0
0
0
0

0
0
0
0

0
0
0
0
0
0
0
0
0
0
0
0

0
0
0
0

0
0
0
0
0
0
0
0
0
0
0
0

0
0
0
0

0
0
0
0
0
0
0
0
0
0
0
0

0
0
0
0

0
0
0
0
0
0
0
0
0
0
0
0

0
0
0
0

0
0
0
0
0
0
0
0
0
0
0
0

0
0
0
0

0
0
0
0
0
0
0
0
0
0
0
0

0
0
0
0

0
0
0
0
0
0
0
0
0
0
0
0

0
0
0
0

0
0
0
0
0
0
0
0
0
0
0
0

0
0
0
0

0
0
0
0
0
0
0
0
0
0
0
0

0
0
0
0

0
0
0
0
0
0
0
0
0
0
0
0

0
0
0
0

0
0
0
0
0
0
0
0
0
0
0
0

0
0
0
0

0
0
0
0
0
0
0
0
0
0
0
0

0
0
0
0

0
0
0
0
0
0
0
0
0
0
0
0

0
0
0
0

0
0
0
0
0
0
0
0
0
0
0
0

0
0
0
0

0
0
0
0
0
0
0
0
0
0
0
0

0
0
0
0

0
0
0
0
0
0
0
0
0
0
0
0

0
0
0
0

0
0
0
0
0
0
0
0
0
0
0
0

0
0
0
0

0
0
0
0
0
0
0
0
0
0
0
0

0
0
0
0

0
0
0
0
0
0
0
0
0
0
0
0

0
0
0
0

0
0
0
0
0
0
0
0
0
0
0
0

0
0
0
0

0
0
0
0
0
0
0
0
0
0
0
0

0
0
0
0

0
0
0
0
0
0
0
0
0
0
0
0

0
0
0
0

0
0
0
0
0
0
0
0
0
0
0
0

0
0
0
0

0
0
0
0
0
0
0
0
0
0
0
0

0
0
0
0

0
0
0
0
0
0
0
0
0
0
0
0

0
0
0
0

0
0
0
0
0
0
0
0
0
0
0
0

0
0
0
0

0
0
0
0
0
0
0
0
0
0
0
0

0
0
0
0

0
0
0
0
0
0
0
0
0
0
0
0

0
0
0
0

0
0
0
0
0
0
0
0
0
0
0
0

0
0
0
0

0
0
0
0
0
0
0
0
0
0
0
0

0
0
0
0

0
0
0
0
0
0
0
0
0
0
0
0

0
0
0
0

0
0
0
0
0
0
0
0
0
0
0
0

0
0
0
0

0
0
0
0
0
0
0
0
0
0
0
0

0
0
0
0

0
0
0
0
0
0
0
0
0
0
0
0

0
0
0
0

0
0
0
0
0
0
0
0
0
0
0
0

0
0
0
0

0
0
0
0
0
0
0
0
0
0
0
0

0
0
0
0

0
0
0
0
0
0
0
0
0
0
0
0

0
0
0
0

0
0
0
0
0
0
0
0
0
0
0
0

0
0
0
0

0
0
0
0
0
0
0
0
0
0
0
0

0
0
0
0

0
0
0
0
0
0
0
0
0
0
0
0

0
0
0
0

0
0
0
0
0
0
0
0
0
0
0
0

0
0
0
0

0
0
0
0
0
0
0
0
0
0
0
0

0
0
0
0

0
0
0
0
0
0
0
0
0
0
0
0

0
0
0
0

0
0
0
0
0
0
0
0
0
0
0
0

0
0
0
0

0
0
0
0
0
0
0
0
0
0
0
0

0
0
0
0

0
0
0
0
0
0
0
0
0
0
0
0

0
0
0
0

0
0
0
0
0
0
0
0
0
0
0
0

0
0
0
0

0
0
0
0
0
0
0
0
0
0
0
0

0
0
0
0

0
0
0
0
0
0
0
0
0
0
0
0

0
0
0
0

0
0
0
0
0
0
0
0
0
0
0
0

0
0
0
0

0
0
0
0
0
0
0
0
0
0
0
0

0
0
0
0

0
0
0
0
0
0
0
0
0
0
0
0

0
0
0
0

0
0
0
0
0
0
0
0
0
0
0
0

0
0
0
0

0
0
0
0
0
0
0
0
0
0
0
0

0
0
0
0

0
0
0
0
0
0
0
0
0
0
0
0

0
0
0
0

0
0
0
0
0
0
0
0
0
0
0
0

0
0
0
0

0
0
0
0
0
0
0
0
0
0
0
0

0
0
0
0

0
0
0
0
0
0
0
0
0
0
0
0

0
0
0
0

0
0
0
0
0
0
0
0
0
0
0
0

0
0
0
0

0
0
0
0
0
0
0
0
0
0
0
0

0
0
0
0

0
0
0
0
0
0
0
0
0
0
0
0

0
0
0
0

0
0
0
0
0
0
0
0
0
0
0
0

0
0
0
0

0
0
0
0
0
0
0
0
0
0
0
0

0
0
0
0

0
0
0
0
0
0
0
0
0
0
0
0

0
0
0
0

0
0
0
0
0
0
0
0
0
0
0
0

0
0
0
0

0
0
0
0
0
0
0
0
0
0
0
0

0
0
0
0

0
0
0
0
0
0
0
0
0
0
0
0

0
0
0
0

0
0
0
0
0
0
0
0
0
0
0
0

0
0
0
0

0
0
0
0
0
0
0
0
0
0
0
0

0
0
0
0

0
0
0
0
0
0
0
0
0
0
0
0

0
0
0
0

0
0
0
0
0
0
0
0
0
0
0
0

0
0
0
0

0
0
0
0
0
0
0
0
0
0
0
0

0
0
0
0

0
0
0
0
0
0
0
0
0
0
0
0

0
0
0
0

0
0
0
0
0
0
0
0
0
0
0
0

0
0
0
0

0
0
0
0
0
0
0
0
0
0
0
0

0
0
0
0

0
0
0
0
0
0
0
0
0
0
0
0

0
0
0
0

    -24.3291     0.435607      1118.43    -0.824907     -1156.89     0.392737     -295.695  -0.00120942      -53.543 -0.000111152      412.033  -0.00135125
     74.4156     0.244274      492.048    -0.386468     -383.085    0.0795436      7.65689     0.064704     -1057.64 -0.000803339      866.597 -0.000667778
     41170.1     -7.20915      46206.7     0.972372      57147.4      9.03995      53450.4     0.133062      -636039      1.14851       438061     -4.11061
-3.03505e+06     -612.091 -3.41256e+06      505.226  -4.0853e+06      301.646 -3.98579e+06     -4.67481  4.66248e+07     -72.0277  -3.2106e+07     -120.148

-1.87547e-09  4.16743e-09 -6.13076e-09 -1.71593e-08   0.00137504  5.14991e-06  7.75664e-06  -0.00290669  -0.00031359  0.000143093 -0.000342309  0.000760021
-2.04465e-10  2.19872e-10  2.69069e-10  1.26377e-09  0.000489321  2.67699e-06  -9.5007e-05     0.130734 -0.000221938  0.000593274  -0.00164913   0.00150595
-6.73863e-11 -1.63349e-10 -3.08514e-10  2.35157e-10  1.96473e-07 -1.95691e-05   0.00412694  2.78736e-05  -0.00477783  0.000334607    -0.855484     -9.29418
 2.31759e-09  5.17761e-09  1.16878e-08  2.02887e-09 -2.66122e-06  0.000550269    -0.139962   -0.0010102     0.468528    -0.042462      62.8658     -172.757

cov:
   0.0534259  -0.00152406    0.0534593  -0.00111138    0.0534956 -0.000780975    0.0535381 -0.000731763    0.0535864 -2.72411e-05    0.0536328 -0.000473839
 -0.00152809      101.545   -0.0014895      118.174  -0.00145122      136.836  -0.00140365      158.675  -0.00135422      183.484   -0.0013063      207.124
   0.0534581  -0.00149365    0.0535099  -0.00107658    0.0535695 -0.000747089    0.0536379 -0.000716504    0.0537157 -6.47521e-06    0.0537902 -0.000425676
 -0.00111487      118.171   -0.0010802      144.663  -0.00103848      174.479 -0.000990434       209.48 -0.000942744      249.177 -0.000895927      286.995
   0.0534944   -0.0014555    0.0535683  -0.00104223    0.0536517 -0.000710598    0.0537507 -0.000702198    0.0538619  1.45121e-05     0.053968 -0.000374884
-0.000783872      136.832 -0.000750122      174.474 -0.000713778      216.922 -0.000663607      266.817 -0.000619743      323.363 -0.000575935      377.228
   0.0535369   -0.0014081    0.0536367 -0.000994356    0.0537495 -0.000666962    0.0538817 -0.000680252    0.0540332  4.50866e-05    0.0541765 -0.000308237
-0.000733175      158.671 -0.000718062      209.475 -0.000703914      266.811 -0.000682157      336.302 -0.000668043      410.772 -0.000653507      483.525
   0.0535852  -0.00135885    0.0537145 -0.000946854    0.0538606 -0.000623295     0.054032 -0.000670161    0.0542268  6.38522e-05    0.0544136 -0.000251676
-2.92736e-05       183.48 -8.67648e-06      249.171  1.21291e-05      323.356  4.24853e-05      410.763  6.10057e-05      511.627  8.53677e-05      603.874
   0.0536316   -0.0013111     0.053789 -0.000900215    0.0539668 -0.000579676    0.0541753 -0.000655827    0.0544124   8.2287e-05    0.0546382  -0.00019361
-0.000475037      207.119 -0.000427039      286.988 -0.000376425      377.219  -0.00030999      483.514 -0.000253668       603.86  -0.00019583       720.42

cov.inverse():
    -615848     19.2416      245337    -24.9461      287911     2.74864      326339   0.0594645      307778    0.635549     -551487     2.38254
   -207.092     60.1543     334.592    -108.049    -118.344     46.3942     5.70711    0.288381     3.89238    0.549164    -18.5993     0.80197
     800635    -208.602     -868837     372.248    -47199.6    -157.839      -54265    -0.89173    -51266.1    -2.11628      220932    -3.29154
    362.739    -104.932    -614.479      198.56     243.349     -94.255    -9.27832  -0.0162875    -7.93697    0.141668     25.3725    0.314153
   -41031.5     314.658      787147    -598.021     -876610     285.982    -57826.2  -0.0704357    -54640.8   -0.450265      242959    -1.55002
   -147.125     42.2145      275.57    -89.1262    -132.471     50.4345     3.63003   -0.743049     4.53957    -1.14919    -4.08275    -1.57821
   -44699.9    -113.208      -52294     236.136      765830    -131.568     -888147     1.91737    -62946.7     3.02061      282253     3.56347
   -1.88922    0.498949     1.34424   -0.436409     1.47712   -0.525677   -0.694282     0.49416   0.0878419   -0.019024   -0.321862  -0.0100615
   -51042.6    -5.57917    -57377.8     7.53693    -67151.9   -0.580456      744840   -0.932332     -887051   0.0893968      317777   -0.551919
   -2.84962    0.901717     1.59524   -0.532997     2.37719   -0.825404    0.234929  -0.0158524    -1.04478    0.493974   -0.310694  -0.0181395
   -48009.1    -6.34149    -53966.4     6.78158    -62769.5     1.33743    -70928.8  -0.0788703      748129    -1.17747     -512452   -0.541606
   -4.27342     1.31192      2.0607   -0.627701     3.45463      -1.154    0.437305 -0.00572396    0.490502  -0.0138769    -2.15765    0.493999

cov*(cov_.inverse()):
           1  5.58288e-15  3.34423e-12  3.07962e-15 -1.08078e-12 -9.73939e-16  2.16382e-12  2.09763e-17  5.77229e-12 -7.72494e-18 -4.23751e-12 -1.65612e-17
 8.52651e-12            1 -1.42677e-11            0  2.84217e-12  3.97904e-13  1.27898e-13 -2.70894e-14 -3.41061e-13  6.21725e-15  5.11591e-13 -4.26326e-14
 -8.3716e-12  2.63938e-15            1  -2.3975e-15 -3.27911e-12 -1.72345e-15 -8.04782e-12  2.52179e-17 -1.80333e-12   5.2821e-18 -7.54403e-12  9.70361e-18
  1.3415e-11  3.97904e-13 -1.90994e-11            1  5.68434e-13  9.09495e-13   9.9476e-14 -2.86438e-14 -4.26326e-13 -1.77636e-15            0 -2.84217e-14
 5.39339e-12  2.00946e-15 -1.39257e-12  2.49643e-15            1 -3.12039e-15 -2.81597e-12  3.13428e-17  7.57064e-12 -2.78056e-17 -3.34211e-12  3.75676e-17
-2.95586e-12  2.44427e-12  1.68257e-11 -1.00897e-11 -6.82121e-12            1  4.83169e-13 -2.88658e-14  1.42109e-13  5.24025e-14 -1.02318e-12 -2.84217e-14
-3.54853e-12  5.78763e-15 -1.36486e-12 -1.53778e-15 -4.33768e-12  9.77896e-16            1  3.38718e-17 -5.22048e-12 -3.10573e-17 -6.46813e-13 -2.61293e-17
 6.36646e-12  2.50111e-12  6.13909e-12 -6.65068e-12  1.59162e-12  3.29692e-12  4.83169e-13            1  8.52651e-14 -5.32907e-14 -4.54747e-13 -1.42109e-13
 2.24207e-12  3.32476e-15  1.58756e-12  2.66665e-15 -3.55431e-12  3.12033e-16  5.24988e-12  1.69227e-17            1 -6.05078e-18  2.89699e-12 -7.58942e-19
 -7.7307e-12  2.95586e-12 -2.34195e-11 -7.16227e-12 -3.18323e-12  1.59162e-12  4.54747e-13 -7.86038e-14 -5.68434e-14            1 -6.82121e-13 -1.13687e-13
 1.69533e-12  2.78445e-15  1.81108e-14  8.50462e-16  -2.5852e-13 -6.21248e-16  5.69919e-13  2.07309e-17 -4.36475e-14 -9.11492e-18            1   1.8838e-18
 2.50111e-11 -3.18323e-12 -5.36602e-11  3.18323e-12 -4.54747e-13 -4.20641e-12 -5.68434e-14 -9.50351e-14 -5.11591e-13  1.42109e-14  1.36424e-12            1
